TERM xterm-256color
TERM screen-256color
RESET 0
DIR 48;5;189
STICKY_OTHER_WRITABLE 34;48;5;189
OTHER_WRITABLE 31;48;5;189
STICKY 01;34;48;5;189
FILE 38;5;60
LINK target
FIFO 40;33
BLK 40;33;01
CHR 40;33;01
SOCK 38;5;243;48;5;227
DOOR 38;5;243;48;5;227
ORPHAN 40;31
SETUID 37;41
SETGID 30;43
CAPABILITY 30;41
EXEC 31
.7z 38;5;130
.Z 38;5;130
.ace 38;5;130
.arj 38;5;130
.bz 38;5;130
.bz2 38;5;130
.cpio 38;5;130
.deb 38;5;130
.dz 38;5;130
.ear 38;5;130
.gz 38;5;130
.jar 38;5;130
.lz 38;5;130
.lzh 38;5;130
.lzma 38;5;130
.rar 38;5;130
.rpm 38;5;130
.rz 38;5;130
.sar 38;5;130
.tar 38;5;130
.taz 38;5;130
.tbz 38;5;130
.tbz2 38;5;130
.tgz 38;5;130
.tlz 38;5;130
.txz 38;5;130
.tz 38;5;130
.war 38;5;130
.xz 38;5;130
.z 38;5;130
.zip 38;5;130
.zoo 38;5;130
.aac 38;5;90
.anx 38;5;90
.asf 38;5;90
.au 38;5;90
.avi 38;5;90
.axa 38;5;90
.axv 38;5;90
.bmp 38;5;90
.cgm 38;5;90
.dl 38;5;90
.emf 38;5;90
.flac 38;5;90
.flc 38;5;90
.fli 38;5;90
.flv 38;5;90
.gif 38;5;90
.gl 38;5;90
.jpeg 38;5;90
.jpg 38;5;90
.m2v 38;5;90
.m4v 38;5;90
.mid 38;5;90
.midi 38;5;90
.mka 38;5;90
.mkv 38;5;90
.mng 38;5;90
.mov 38;5;90
.mp3 38;5;90
.mp4 38;5;90
.mp4v 38;5;90
.mpc 38;5;90
.mpeg 38;5;90
.mpg 38;5;90
.nuv 38;5;90
.oga 38;5;90
.ogg 38;5;90
.ogm 38;5;90
.ogv 38;5;90
.ogx 38;5;90
.pbm 38;5;90
.pcx 38;5;90
.pgm 38;5;90
.png 38;5;90
.ppm 38;5;90
.qt 38;5;90
.ra 38;5;90
.rm 38;5;90
.rmvb 38;5;90
.spx 38;5;90
.svg 38;5;90
.svgz 38;5;90
.tga 38;5;90
.tif 38;5;90
.tiff 38;5;90
.vob 38;5;90
.wav 38;5;90
.webm 38;5;90
.wmv 38;5;90
.xbm 38;5;90
.xcf 38;5;90
.xpm 38;5;90
.xspf 38;5;90
.xwd 38;5;90
.yuv 38;5;90
.swf 38;5;90
.aux 38;5;245
.bak 38;5;245
.git 38;5;245
.log 38;5;245
.o 38;5;245
.pyc 38;5;245
.swp 38;5;245
.tmp 38;5;245
.doc 0
.pdf 0
.rtf 0
.txt 0
.xml 38;5;25
.csv 38;5;25
.json 38;5;25
.c 38;5;28
.cc 38;5;28
.cpp 38;5;28
.go 38;5;28
.h 38;5;28
.hs 38;5;28
.js 38;5;28
.pl 38;5;28
.py 38;5;28
.sh 38;5;28
.vim 38;5;28
.php 38;5;28
.java 38;5;28
*_test.cc 38;5;35
.css 38;5;35
.html 38;5;35
.htm 38;5;35
.xhtml 38;5;35
